64 100
60 90 60 90 60 90 60 90 60 90 60 90 60 90 60 90 60 90 60 90 60 90 60 90 60 90 60 90 60 90 60 90 60 90 60 90 60 90 60 90 60 90 60 90 60 90 60 90 60 90 60 90 60 90 60 90 60 90 60 90 60 90 60 90
    0      0
 1000      0
  924    383
  707    707
  383    924
    0   1000
 -383    924
 -707    707
 -924    383
-1000      0
 -924   -383
 -707   -707
 -383   -924
   -0  -1000
  383   -924
  707   -707
  924   -383
 2000      0
 1848    765
 1414   1414
  765   1848
    0   2000
 -765   1848
-1414   1414
-1848    766
-2000      0
-1848   -765
-1414  -1414
 -766  -1848
   -0  -2000
  765  -1848
 1414  -1414
 1848   -766
 3000      0
 2772   1148
 2121   2121
 1148   2772
    0   3000
-1148   2772
-2121   2121
-2772   1148
-3000      0
-2772  -1148
-2122  -2121
-1148  -2771
   -0  -3000
 1148  -2772
 2121  -2122
 2771  -1149
 4000      0
 3696   1531
 2828   2828
 1531   3695
    0   4000
-1531   3696
-2828   2829
-3695   1531
-4000      0
-3696  -1530
-2829  -2828
-1531  -3695
   -1  -4000
 1530  -3696
 2828  -2829
 3695  -1531