192 100
60 90 60 90 60 90 60 90 60 90 60 90 60 90 60 90 60 90 60 90 60 90 60 90 60 90 60 90 60 90 60 90 60 90 60 90 60 90 60 90 60 90 60 90 60 90 60 90 60 90 60 90 60 90 60 90 60 90 60 90 60 90 60 90 60 90 60 90 60 90 60 90 60 90 60 90 60 90 60 90 60 90 60 90 60 90 60 90 60 90 60 90 60 90 60 90 60 90 60  90  60  90  60  90  60  90  60  90  60  90  60  90  60  90  60  90  60  90  60  90  60  90  60  90  60  90  60  90  60  90  60  90  60  90  60  90  60  90  60  90  60  90  60  90  60  90  60  90  60  90  60  90  60  90  60  90  60  90  60  90  60  90  60  90  60  90  60  90  60  90  60  90  60  90  60  90  60  90  60  90  60  90  60  90  60  90  60  90  60  90  60  90 
 0 0
    1000      0
     924    383
     707    707
     383    924
       0   1000
    -383    924
    -707    707
    -924    383
   -1000      0
    -924   -383
    -707   -707
    -383   -924
      -0  -1000
     383   -924
     707   -707
     924   -383
    2000      0
    1848    765
    1414   1414
     765   1848
       0   2000
    -765   1848
   -1414   1414
   -1848    766
   -2000      0
   -1848   -765
   -1414  -1414
    -766  -1848
      -0  -2000
     765  -1848
    1414  -1414
    1848   -766
    3000      0
    2772   1148
    2121   2121
    1148   2772
       0   3000
   -1148   2772
   -2121   2121
   -2772   1148
   -3000      0
   -2772  -1148
   -2122  -2121
   -1148  -2771
      -0  -3000
    1148  -2772
    2121  -2122
    2771  -1149
    4000      0
    3696   1531
    2828   2828
    1531   3695
       0   4000
   -1531   3696
   -2828   2829
   -3695   1531
   -4000      0
   -3696  -1530
   -2829  -2828
   -1531  -3695
      -1  -4000
    1530  -3696
    2828  -2829
    3695  -1531
    5000      0
    4619   1913
    3536   3535
    1914   4619
       0   5000
   -1913   4620
   -3535   3536
   -4619   1914
   -5000      0
   -4620  -1913
   -3536  -3535
   -1914  -4619
      -1  -5000
    1913  -4620
    3535  -3536
    4619  -1914
    6000      0
    5543   2296
    4243   4243
    2296   5543
       0   6000
   -2296   5543
   -4242   4243
   -5543   2297
   -6000      1
   -5544  -2296
   -4243  -4242
   -2297  -5543
      -1  -6000
    2295  -5544
    4242  -4243
    5543  -2297
    7000      0
    6467   2679
    4950   4950
    2679   6467
       0   7000
   -2678   6467
   -4949   4950
   -6467   2679
   -7000      1
   -6467  -2678
   -4950  -4949
   -2680  -6467
      -1  -7000
    2678  -6468
    4949  -4951
    6467  -2680
    8000      0
    7391   3061
    5657   5657
    3062   7391
       0   8000
   -3061   7391
   -5656   5657
   -7391   3062
   -8000      1
   -7391  -3061
   -5658  -5656
   -3062  -7391
      -1  -8000
    3060  -7391
    5656  -5658
    7391  -3063
    9000      0
    8315   3444
    6364   6364
    3444   8315
       0   9000
   -3444   8315
   -6364   6364
   -8315   3445
   -9000      1
   -8315  -3443
   -6365  -6363
   -3445  -8314
      -1  -9000
    3443  -8315
    6363  -6365
    8314  -3446
   10000      0
    9239   3827
    7071   7071
    3827   9239
       0  10000
   -3826   9239
   -7071   7072
   -9238   3828
  -10000      1
   -9239  -3826
   -7072  -7070
   -3828  -9238
      -1 -10000
    3825  -9239
    7070  -7072
    9238  -3828
   11000      0
   10163   4209
    7778   7778
    4210  10163
       1  11000
   -4209  10163
   -7778   7779
  -10162   4210
  -11000      1
  -10163  -4208
   -7779  -7777
   -4211 -10162
      -2 -11000
    4208 -10163
    7777  -7779
   10162  -4211
   12000      0
   11087   4592
    8485   8485
    4593  11086
       1  12000
   -4592  11087
   -8485   8486
  -11086   4593
  -12000      1
  -11087  -4591
   -8486  -8484
   -4594 -11086
      -2 -12000
    4591 -11087
    8484  -8487
   11086  -4594
