240 100
60 90 60 90 60 90 60 90 60 90 60 90 60 90 60 90 60 90 60 90 60 90 60 90 60 90 60 90 60 90 60 90 60 90 60 90 60 90 60 90 60 90 60 90 60 90 60 90 60 90 60 90 60 90 60 90 60 90 60 90 60 90 60 90 60 90 60 90 60 90 60 90 60 90 60 90 60 90 60 90 60 90 60 90 60 90 60 90 60 90 60 90 60 90 60 90 60 90 60  90  60  90  60  90  60  90  60  90  60  90  60  90  60  90  60  90  60  90  60  90  60  90  60  90  60  90  60  90  60  90  60  90  60  90  60  90  60  90  60  90  60  90  60  90  60  90  60  90  60  90  60  90  60  90  60  90  60  90  60  90  60  90  60  90  60  90  60  90  60  90  60  90  60  90  60  90  60  90  60  90  60  90  60  90  60  90  60  90  60  90  60  90  60  90  60  90  60  90  60  90  60  90  60  90  60  90  60  90  60  90  60  90  60  90  60  90  60  90  60  90  60  90  60  90  60  90  60  90  60  90  60  90  60  90  60  90  60  90  60  90 
 0 0
    1000      0
     866    500
     500    866
       0   1000
    -500    866
    -866    500
   -1000      0
    -866   -500
    -500   -866
      -0  -1000
     500   -866
     866   -500
    2000      0
    1732   1000
    1000   1732
       0   2000
   -1000   1732
   -1732   1000
   -2000      0
   -1732  -1000
   -1000  -1732
      -0  -2000
    1000  -1732
    1732  -1000
    3000      0
    2598   1500
    1500   2598
       0   3000
   -1500   2598
   -2598   1500
   -3000      0
   -2598  -1500
   -1500  -2598
      -0  -3000
    1500  -2598
    2598  -1500
    4000      0
    3464   2000
    2000   3464
       0   4000
   -2000   3464
   -3464   2000
   -4000      0
   -3464  -2000
   -2000  -3464
      -1  -4000
    1999  -3464
    3464  -2001
    5000      0
    4330   2500
    2500   4330
       0   5000
   -2500   4330
   -4330   2500
   -5000      0
   -4330  -2500
   -2501  -4330
      -1  -5000
    2499  -4331
    4330  -2501
    6000      0
    5196   3000
    3000   5196
       0   6000
   -3000   5196
   -5196   3000
   -6000      1
   -5196  -2999
   -3001  -5196
      -1  -6000
    2999  -5197
    5196  -3001
    7000      0
    6062   3500
    3500   6062
       0   7000
   -3500   6062
   -6062   3500
   -7000      1
   -6063  -3499
   -3501  -6062
      -1  -7000
    3499  -6063
    6062  -3501
    8000      0
    6928   4000
    4000   6928
       0   8000
   -4000   6928
   -6928   4001
   -8000      1
   -6929  -3999
   -4001  -6928
      -1  -8000
    3999  -6929
    6928  -4001
    9000      0
    7794   4500
    4500   7794
       0   9000
   -4500   7795
   -7794   4501
   -9000      1
   -7795  -4499
   -4501  -7794
      -1  -9000
    4499  -7795
    7793  -4501
   10000      0
    8660   5000
    5000   8660
       0  10000
   -4999   8661
   -8660   5001
  -10000      1
   -8661  -4999
   -5001  -8660
      -1 -10000
    4999  -8661
    8659  -5001
   11000      0
    9526   5500
    5500   9526
       1  11000
   -5499   9527
   -9526   5501
  -11000      1
   -9527  -5499
   -5501  -9526
      -2 -11000
    5499  -9527
    9525  -5502
   12000      0
   10392   6000
    6000  10392
       1  12000
   -5999  10393
  -10392   6001
  -12000      1
  -10393  -5999
   -6001 -10392
      -2 -12000
    5998 -10393
   10391  -6002
   13000      0
   11258   6500
    6500  11258
       1  13000
   -6499  11259
  -11258   6501
  -13000      1
  -11259  -6499
   -6501 -11258
      -2 -13000
    6498 -11259
   11257  -6502
   14000      0
   12124   7000
    7000  12124
       1  14000
   -6999  12125
  -12124   7001
  -14000      1
  -12125  -6999
   -7001 -12123
      -2 -14000
    6998 -12125
   12123  -7002
   15000      0
   12990   7500
    7500  12990
       1  15000
   -7499  12991
  -12990   7501
  -15000      1
  -12991  -7499
   -7502 -12989
      -2 -15000
    7498 -12992
   12989  -7502
   16000      0
   13857   8000
    8000  13856
       1  16000
   -7999  13857
  -13856   8001
  -16000      1
  -13857  -7999
   -8002 -13855
      -2 -16000
    7998 -13858
   13855  -8002
   17000      0
   14723   8500
    8500  14722
       1  17000
   -8499  14723
  -14722   8501
  -17000      2
  -14723  -8498
   -8502 -14721
      -2 -17000
    8498 -14724
   14721  -8503
   18000      0
   15589   9000
    9000  15588
       1  18000
   -8999  15589
  -15588   9001
  -18000      2
  -15589  -8998
   -9002 -15587
      -3 -18000
    8998 -15590
   15587  -9003
   19000      0
   16455   9500
    9501  16454
       1  19000
   -9499  16455
  -16454   9501
  -19000      2
  -16456  -9498
   -9502 -16453
      -3 -19000
    9497 -16456
   16453  -9503
   20000      0
   17321  10000
   10001  17320
       1  20000
   -9999  17321
  -17320  10001
  -20000      2
  -17322  -9998
  -10002 -17319
      -3 -20000
    9997 -17322
   17319 -10003
