288 100
60 90 60 90 60 90 60 90 60 90 60 90 60 90 60 90 60 90 60 90 60 90 60 90 60 90 60 90 60 90 60 90 60 90 60 90 60 90 60 90 60 90 60 90 60 90 60 90 60 90 60 90 60 90 60 90 60 90 60 90 60 90 60 90 60 90 60 90 60 90 60 90 60 90 60 90 60 90 60 90 60 90 60 90 60 90 60 90 60 90 60 90 60 90 60 90 60 90 60  90  60  90  60  90  60  90  60  90  60  90  60  90  60  90  60  90  60  90  60  90  60  90  60  90  60  90  60  90  60  90  60  90  60  90  60  90  60  90  60  90  60  90  60  90  60  90  60  90  60  90  60  90  60  90  60  90  60  90  60  90  60  90  60  90  60  90  60  90  60  90  60  90  60  90  60  90  60  90  60  90  60  90  60  90  60  90  60  90  60  90  60  90  60  90  60  90  60  90  60  90  60  90  60  90  60  90  60  90  60  90  60  90  60  90  60  90  60  90  60  90  60  90  60  90  60  90  60  90  60  90  60  90  60  90  60  90  60  90  60  90  60  90  60  90  60  90  60  90  60  90  60  90  60  90  60  90  60  90  60  90  60  90  60  90  60  90  60  90  60  90  60  90  60  90  60  90  60  90  60  90  60  90  60  90  60  90  60  90 
 0 0
    1000      0
     996     87
     985    174
     966    259
     940    342
     906    423
     866    500
     819    574
     766    643
     707    707
     643    766
     574    819
     500    866
     423    906
     342    940
     259    966
     174    985
      87    996
       0   1000
     -87    996
    -174    985
    -259    966
    -342    940
    -423    906
    -500    866
    -574    819
    -643    766
    -707    707
    -766    643
    -819    574
    -866    500
    -906    423
    -940    342
    -966    259
    -985    174
    -996     87
   -1000      0
    -996    -87
    -985   -174
    -966   -259
    -940   -342
    -906   -423
    -866   -500
    -819   -573
    -766   -643
    -707   -707
    -643   -766
    -574   -819
    -500   -866
    -423   -906
    -342   -940
    -259   -966
    -174   -985
     -87   -996
      -0  -1000
      87   -996
     174   -985
     259   -966
     342   -940
     422   -906
     500   -866
     573   -819
     643   -766
     707   -707
     766   -643
     819   -574
     866   -500
     906   -423
     940   -342
     966   -259
     985   -174
     996    -87
    2000      0
    1992    174
    1970    347
    1932    518
    1879    684
    1813    845
    1732   1000
    1638   1147
    1532   1286
    1414   1414
    1286   1532
    1147   1638
    1000   1732
     845   1813
     684   1879
     518   1932
     347   1970
     174   1992
       0   2000
    -174   1992
    -347   1970
    -518   1932
    -684   1879
    -845   1813
   -1000   1732
   -1147   1638
   -1285   1532
   -1414   1414
   -1532   1286
   -1638   1147
   -1732   1000
   -1813    845
   -1879    684
   -1932    518
   -1970    347
   -1992    174
   -2000      0
   -1992   -174
   -1970   -347
   -1932   -517
   -1879   -684
   -1813   -845
   -1732  -1000
   -1638  -1147
   -1532  -1285
   -1414  -1414
   -1286  -1532
   -1147  -1638
   -1000  -1732
    -845  -1813
    -684  -1879
    -518  -1932
    -348  -1970
    -175  -1992
      -0  -2000
     174  -1992
     347  -1970
     517  -1932
     684  -1879
     845  -1813
    1000  -1732
    1147  -1638
    1285  -1532
    1414  -1414
    1532  -1286
    1638  -1147
    1732  -1000
    1812   -846
    1879   -684
    1932   -518
    1970   -348
    1992   -175
    3000      0
    2989    261
    2954    521
    2898    776
    2819   1026
    2719   1268
    2598   1500
    2457   1721
    2298   1928
    2121   2121
    1928   2298
    1721   2457
    1500   2598
    1268   2719
    1026   2819
     777   2898
     521   2954
     262   2989
       0   3000
    -261   2989
    -521   2954
    -776   2898
   -1026   2819
   -1268   2719
   -1500   2598
   -1721   2458
   -1928   2298
   -2121   2121
   -2298   1929
   -2457   1721
   -2598   1500
   -2719   1268
   -2819   1026
   -2898    777
   -2954    521
   -2989    262
   -3000      0
   -2989   -261
   -2954   -521
   -2898   -776
   -2819  -1026
   -2719  -1268
   -2598  -1500
   -2458  -1720
   -2298  -1928
   -2122  -2121
   -1929  -2298
   -1721  -2457
   -1500  -2598
   -1268  -2719
   -1026  -2819
    -777  -2898
    -521  -2954
    -262  -2989
      -0  -3000
     261  -2989
     521  -2954
     776  -2898
    1026  -2819
    1267  -2719
    1500  -2598
    1720  -2458
    1928  -2298
    2121  -2122
    2298  -1929
    2457  -1721
    2598  -1500
    2719  -1268
    2819  -1027
    2898   -777
    2954   -521
    2989   -262
    4000      0
    3985    349
    3939    695
    3864   1035
    3759   1368
    3625   1690
    3464   2000
    3277   2294
    3064   2571
    2828   2828
    2571   3064
    2294   3277
    2000   3464
    1691   3625
    1368   3759
    1035   3864
     695   3939
     349   3985
       0   4000
    -348   3985
    -694   3939
   -1035   3864
   -1368   3759
   -1690   3625
   -2000   3464
   -2294   3277
   -2571   3064
   -2828   2829
   -3064   2571
   -3276   2295
   -3464   2000
   -3625   1691
   -3759   1368
   -3864   1036
   -3939    695
   -3985    349
   -4000      0
   -3985   -348
   -3939   -694
   -3864  -1035
   -3759  -1368
   -3625  -1690
   -3464  -2000
   -3277  -2294
   -3064  -2571
   -2829  -2828
   -2572  -3064
   -2295  -3276
   -2000  -3464
   -1691  -3625
   -1369  -3759
   -1036  -3864
    -695  -3939
    -349  -3985
      -1  -4000
     348  -3985
     694  -3939
    1035  -3864
    1368  -3759
    1690  -3625
    1999  -3464
    2294  -3277
    2571  -3065
    2828  -2829
    3064  -2572
    3276  -2295
    3464  -2001
    3625  -1691
    3759  -1369
    3864  -1036
    3939   -695
    3985   -349
