32 100
60 90 60 90 60 90 60 90 60 90 60 90 60 90 60 90 60 90 60 90 60 90 60 90 60 90 60 90 60 90 60 90
    0      0
 1000      0
  707    707
    0   1000
 -707    707
-1000      0
 -707   -707
   -0  -1000
  707   -707
 2000      0
 1414   1414
    0   2000
-1414   1414
-2000      0
-1414  -1414
   -0  -2000
 1414  -1414
 3000      0
 2121   2121
    0   3000
-2121   2121
-3000      0
-2122  -2121
   -0  -3000
 2121  -2122
 4000      0
 2828   2828
    0   4000
-2828   2829
-4000      0
-2829  -2828
   -1  -4000
 2828  -2829
