32 100
60 90 60 90 60 90 60 90 60 90 60 90 60 90 60 90 60 90 60 90 60 90 60 90 60 90 60 90 60 90 60 90
    0      0
 1000      0
  924    383
  707    707
  383    924
    0   1000
 -383    924
 -707    707
 -924    383
-1000      0
 -924   -383
 -707   -707
 -383   -924
   -0  -1000
  383   -924
  707   -707
  924   -383
 2000      0
 1848    765
 1414   1414
  765   1848
    0   2000
 -765   1848
-1414   1414
-1848    766
-2000      0
-1848   -765
-1414  -1414
 -766  -1848
   -0  -2000
  765  -1848
 1414  -1414
 1848   -766
