48 100
60 90 60 90 60 90 60 90 60 90 60 90 60 90 60 90 60 90 60 90 60 90 60 90 60 90 60 90 60 90 60 90 60 90 60 90 60 90 60 90 60 90 60 90 60 90 60 90
    0      0
 1000      0
  866    500
  500    866
    0   1000
 -500    866
 -866    500
-1000      0
 -866   -500
 -500   -866
   -0  -1000
  500   -866
  866   -500
 2000      0
 1732   1000
 1000   1732
    0   2000
-1000   1732
-1732   1000
-2000      0
-1732  -1000
-1000  -1732
   -0  -2000
 1000  -1732
 1732  -1000
 3000      0
 2598   1500
 1500   2598
    0   3000
-1500   2598
-2598   1500
-3000      0
-2598  -1500
-1500  -2598
   -0  -3000
 1500  -2598
 2598  -1500
 4000      0
 3464   2000
 2000   3464
    0   4000
-2000   3464
-3464   2000
-4000      0
-3464  -2000
-2000  -3464
   -1  -4000
 1999  -3464
 3464  -2001
